148 0.00038464937093449025
524 0.0005478361397135077
459 0.00038427336455481507
282 0.00038464937093449025
232 0.00038427336455481507
382 0.0007113989148722007
133 0.001207722063373335
808 0.00038464937093449025
96 0.00038464937093449025
260 0.00038464937093449025
108 0.00038427336455481507
479 0.00038427336455481507
774 0.00038427336455481507
47 0.00046605475213415865
512 0.00038427336455481507
633 0.00038427336455481507
460 0.00038427336455481507
855 0.00038427336455481507
711 0.000711398914872208
6 0.00038427336455481507
3 0.0010266301780494074
5 0.00038464937093449025
276 0.00038427336455481507
641 0.00038427336455481507
63 0.0016299797726061296
291 0.004428358304090787
255 0.0022625591489184855
457 0.006693576633883852
499 0.003507889550590103
33 0.00038427336455481507
102 0.00038464937093449025
662 0.00038427336455481507
62 0.002459538940361621
794 0.00038427336455481507
462 0.00038464937093449025
826 0.0024220130542869627
379 0.00038464937093449025
807 0.00038427336455481507
236 0.002914135235503097
824 0.00038464937093449025
575 0.00038427336455481507
624 0.00038464937093449025
23 0.00038427336455481507
339 0.00038464937093449025
66 0.00038464937093449025
478 0.00038464937093449025
595 0.00038464937093449025
587 0.00038427336455481507
205 0.00038427336455481507
281 0.0007829592286626809
218 0.00038427336455481507
225 0.00038427336455481507
101 0.00038427336455481507
482 0.00038427336455481507
628 0.0006705456852612577
491 0.0007113989148722006
134 0.00038427336455481507
125 0.00038427336455481507
42 0.00038464937093449025
818 0.007175091126019503
162 0.0009029916806825906
817 0.00038427336455481507
70 0.0007120953845776297
355 0.00038427336455481507
561 0.0007120953845776233
356 0.00038427336455481507
93 0.00038427336455481507
59 0.0007120953845776227
787 0.00038464937093449025
361 0.011682414822967061
472 0.002044944308650936
200 0.00038464937093449025
180 0.0006262031021491195
446 0.000548372377756055
298 0.00038464937093449025
732 0.00038464937093449025
405 0.00038427336455481507
438 0.00038464937093449025
536 0.00038427336455481507
764 0.00038464937093449025
667 0.00038427336455481507
177 0.00038464937093449025
359 0.0008004826778858281
728 0.00038464937093449025
109 0.00038427336455481507
122 0.00038427336455481507
145 0.0008664514770380315
104 0.001126846149363472
777 0.0013306008494015419
654 0.0005483723777560591
563 0.004459887631474966
173 0.00038427336455481507
761 0.00038464937093449025
564 0.00038427336455481507
366 0.00038427336455481507
507 0.002948082867048546
92 0.00038427336455481507
609 0.00038464937093449025
309 0.010033982330358033
683 0.0005478361397135067
24 0.00038427336455481507
560 0.00038464937093449025
319 0.0004496984746182921
596 0.0004660547521341581
280 0.0004799949068041431
520 0.00038427336455481507
404 0.00038427336455481507
242 0.00038464937093449025
222 0.00038427336455481507
469 0.00038464937093449025
614 0.00038464937093449025
810 0.00038427336455481507
773 0.0007113989148722073
151 0.0006771796848470589
406 0.006207720658296594
142 0.004918774748438567
689 0.0006654266338393976
311 0.0010143632367307421
440 0.0005483723777560567
32 0.003620642906772125
279 0.00038464937093449025
204 0.00038464937093449025
448 0.00038427336455481507
237 0.0018965394575766964
635 0.00043100558602872683
819 0.00038464937093449025
779 0.00038427336455481507
718 0.00038464937093449025
869 0.00038427336455481507
488 0.00038427336455481507
511 0.00038464937093449025
515 0.00038464937093449025
541 0.00038427336455481507
314 0.0016102932341829522
547 0.0005483723777560565
132 0.00038427336455481507
640 0.0007568154290374738
252 0.0007113989148722032
285 0.00038427336455481507
603 0.0005478361397135105
443 0.0007113989148722055
233 0.00038464937093449025
161 0.00038427336455481507
763 0.00148574475320686
392 0.00043100558602872683
793 0.00038464937093449025
270 0.00038427336455481507
99 0.0006581746410338562
700 0.00038427336455481507
500 0.00038427336455481507
268 0.00038427336455481507
164 0.0014666111417728314
661 0.0021008395757593132
529 0.00038464937093449025
827 0.0004933152146606071
758 0.00038427336455481507
841 0.00038427336455481507
530 0.00038427336455481507
577 0.00038427336455481507
729 0.00038427336455481507
416 0.00038427336455481507
744 0.00038427336455481507
569 0.00038464937093449025
409 0.00038427336455481507
116 0.00046248009532754954
590 0.00038427336455481507
111 0.00038464937093449025
821 0.00038464937093449025
228 0.005476022253287256
523 0.00048826895260263754
714 0.00038427336455481507
83 0.00038427336455481507
15 0.00038427336455481507
106 0.00038427336455481507
483 0.00038427336455481507
447 0.00038427336455481507
697 0.0004937980421488655
466 0.0009767820392596169
234 0.00038427336455481507
135 0.00038464937093449025
91 0.0007113989148722073
631 0.00038427336455481507
377 0.0010571131000259167
532 0.00038427336455481507
67 0.00038464937093449025
671 0.00038427336455481507
792 0.00038464937093449025
768 0.00038464937093449025
602 0.0005483723777560548
724 0.00038464937093449025
185 0.0012625434548073347
669 0.00038427336455481507
18 0.00038427336455481507
421 0.0007833946732343405
158 0.00038464937093449025
809 0.00038464937093449025
788 0.00038464937093449025
780 0.00038427336455481507
831 0.00038427336455481507
739 0.004459887631474966
630 0.00038427336455481507
709 0.008675197817525288
781 0.0014434673743926347
310 0.00038464937093449025
574 0.00038427336455481507
412 0.00038464937093449025
487 0.00038427336455481507
250 0.0032290042226688917
172 0.00038427336455481507
159 0.00038464937093449025
623 0.015911503785855336
49 0.00038427336455481507
834 0.00038427336455481507
121 0.0031313126028641594
315 0.00038427336455481507
703 0.0004310055860287272
176 0.00038427336455481507
474 0.00038427336455481507
154 0.00043100558602872727
649 0.002044944308650936
684 0.00038464937093449025
504 0.0012392224652979145
284 0.00038427336455481507
648 0.004199269830011142
840 0.00038464937093449025
496 0.003925327876525124
220 0.00038464937093449025
347 0.0012098435557831941
240 0.00038464937093449025
244 0.00038427336455481507
160 0.00038427336455481507
425 0.0012758177410867916
746 0.00038427336455481507
789 0.00038427336455481507
27 0.00038427336455481507
613 0.00038464937093449025
264 0.00038464937093449025
722 0.00038464937093449025
516 0.000548372377756059
107 0.0005478361397135077
480 0.00038464937093449025
179 0.00038427336455481507
190 0.00038464937093449025
243 0.00038427336455481507
381 0.00038427336455481507
65 0.0011268461493634623
856 0.006237015392311118
275 0.00038464937093449025
9 0.00038464937093449025
725 0.0007690353213566914
195 0.00038427336455481507
545 0.004129132240479222
299 0.00038464937093449025
803 0.00038464937093449025
193 0.00038427336455481507
312 0.00038427336455481507
805 0.00038427336455481507
396 0.00038464937093449025
769 0.0009673196980378707
186 0.00038427336455481507
571 0.000711398914872207
313 0.0011617147057259608
510 0.00038427336455481507
50 0.00038464937093449025
238 0.00038427336455481507
174 0.0010831363727384468
71 0.00038464937093449025
249 0.00038427336455481507
837 0.00607979825278624
304 0.00146938428562819
519 0.0007546767923835723
410 0.0006705456852612565
713 0.00038464937093449025
272 0.00038464937093449025
682 0.00038427336455481507
568 0.00038427336455481507
860 0.009664561178657837
201 0.009647516741898947
493 0.00038464937093449025
97 0.002790706537892137
300 0.00038464937093449025
168 0.00038464937093449025
652 0.0007113989148722077
36 0.0023140377850754865
688 0.00038427336455481507
136 0.00038427336455481507
782 0.00038427336455481507
503 0.0006816037999218059
374 0.0013482535831415596
612 0.00038427336455481507
105 0.0013105283208212752
294 0.00038464937093449025
375 0.0005478361397135063
124 0.0020029067658129717
468 0.00038427336455481507
665 0.00038427336455481507
685 0.00046651087434527
783 0.00038427336455481507
555 0.0012987642931187554
581 0.00038427336455481507
742 0.006237015392311118
210 0.00038427336455481507
395 0.00038464937093449025
368 0.00038427336455481507
851 0.0008733929185946582
41 0.00038464937093449025
431 0.005212932882628555
140 0.00038464937093449025
721 0.00038464937093449025
835 0.00038464937093449025
246 0.00038464937093449025
216 0.0008788804885619421
391 0.00038427336455481507
21 0.000513123061168944
422 0.00038427336455481507
114 0.0019252694804961657
790 0.00038427336455481507
126 0.0005613595064168561
757 0.0020021269103387813
450 0.00038427336455481507
386 0.011658705445903911
265 0.0022785678492679706
828 0.00038464937093449025
341 0.00038464937093449025
53 0.00038464937093449025
747 0.0010790621863342787
494 0.00038464937093449025
786 0.00038464937093449025
615 0.00038464937093449025
666 0.00038464937093449025
378 0.0004937980421488645
533 0.0005483723777560557
576 0.0008516337172928672
336 0.00038464937093449025
750 0.0006408724279148713
527 0.00038464937093449025
867 0.00038464937093449025
663 0.00038427336455481507
209 0.005113389615125079
559 0.0007120953845776302
118 0.0016950506901997787
295 0.00038464937093449025
77 0.00038464937093449025
485 0.0005478361397135066
181 0.00038464937093449025
72 0.00038464937093449025
865 0.0005478361397135106
736 0.00038427336455481507
437 0.00038427336455481507
414 0.00038464937093449025
34 0.00038464937093449025
256 0.00038427336455481507
552 0.000793956887988411
627 0.00038427336455481507
632 0.00038427336455481507
579 0.00038427336455481507
283 0.00038464937093449025
328 0.003286358488445954
679 0.00038464937093449025
55 0.00046248009532754954
489 0.00038427336455481507
785 0.004186953108081573
755 0.00038427336455481507
749 0.0015231985813519892
402 0.0008749616900308958
621 0.00038464937093449025
335 0.00038464937093449025
144 0.00038427336455481507
191 0.00038464937093449025
681 0.000921428872264183
857 0.0050813295146697
12 0.00038427336455481507
139 0.0007120953845776296
120 0.00038427336455481507
868 0.00038464937093449025
248 0.0015003271690212623
456 0.00038427336455481507
367 0.0004933152146606102
723 0.00038427336455481507
223 0.00038464937093449025
258 0.00038464937093449025
48 0.00038427336455481507
813 0.0004660547521341614
346 0.00038427336455481507
548 0.00038427336455481507
427 0.00038427336455481507
64 0.0026815025926762042
765 0.00038427336455481507
354 0.00038427336455481507
94 0.00038427336455481507
797 0.00038464937093449025
245 0.00038464937093449025
45 0.00038427336455481507
702 0.00038427336455481507
616 0.00038427336455481507
198 0.00038464937093449025
508 0.00038427336455481507
43 0.00038427336455481507
350 0.00038464937093449025
28 0.00038427336455481507
267 0.00038464937093449025
331 0.00038427336455481507
26 0.00038464937093449025
187 0.00038464937093449025
82 0.0030365547517680874
502 0.00038427336455481507
801 0.00038464937093449025
762 0.0013924995837671836
388 0.00038427336455481507
776 0.00038427336455481507
608 0.0009902020082718833
418 0.0007120953845776268
759 0.00038464937093449025
287 0.00038427336455481507
128 0.00038427336455481507
157 0.00038464937093449025
651 0.00038427336455481507
398 0.0005248065605300323
584 0.0007120953845776245
263 0.00038464937093449025
369 0.00038464937093449025
715 0.0039194797431281
526 0.00038427336455481507
539 0.00038464937093449025
301 0.00038427336455481507
100 0.00038427336455481507
306 0.00038427336455481507
461 0.00038427336455481507
39 0.00038464937093449025
150 0.00038427336455481507
656 0.00038427336455481507
451 0.00038464937093449025
214 0.00038464937093449025
733 0.00038427336455481507
89 0.00038464937093449025
849 0.00038464937093449025
112 0.00038427336455481507
337 0.0006879107104712967
586 0.00038464937093449025
458 0.00038427336455481507
20 0.00038427336455481507
535 0.00038427336455481507
558 0.00038427336455481507
677 0.00038464937093449025
217 0.00038427336455481507
69 0.00038427336455481507
657 0.00038427336455481507
726 0.0004501385736631166
578 0.002459538940361552
345 0.00038427336455481507
465 0.00038464937093449025
606 0.00038427336455481507
408 0.0005862495791271703
178 0.0011531629309127973
357 0.000595150379705078
169 0.00038427336455481507
342 0.00038464937093449025
372 0.00038464937093449025
197 0.008459512922236765
46 0.00038427336455481507
271 0.0005483723777560592
88 0.00038464937093449025
373 0.00038464937093449025
734 0.00038427336455481507
751 0.00038427336455481507
775 0.00038427336455481507
419 0.00038464937093449025
184 0.00038464937093449025
221 0.00038464937093449025
445 0.00038427336455481507
839 0.0004496984746182921
115 0.00038427336455481507
147 0.004325202276245771
829 0.00038427336455481507
349 0.00038427336455481507
673 0.00038427336455481507
830 0.00038427336455481507
399 0.0007113989148722026
719 0.0024524258499478858
846 0.00038427336455481507
546 0.00038427336455481507
463 0.0045555218619286785
740 0.0004937980421488653
203 0.0007841634886014288
397 0.00038427336455481507
417 0.00038464937093449025
680 0.0008516337172928688
167 0.00038464937093449025
710 0.00038427336455481507
490 0.00038427336455481507
847 0.007197656527390842
862 0.0006568779898193056
433 0.004594986214609929
811 0.00038427336455481507
832 0.00038427336455481507
771 0.002459538940361595
61 0.002459538940361595
650 0.000493798042148868
10 0.00038427336455481507
752 0.00038427336455481507
330 0.002916987970296803
704 0.00038427336455481507
645 0.00038427336455481507
35 0.00038427336455481507
13 0.00038464937093449025
610 0.00038427336455481507
639 0.00038427336455481507
22 0.00038427336455481507
333 0.00038427336455481507
730 0.0008212440557919964
506 0.0006705456852612574
636 0.00038427336455481507
589 0.00038427336455481507
802 0.0007891534310417365
81 0.00038427336455481507
646 0.008225425045598377
423 0.00038427336455481507
288 0.00038427336455481507
119 0.00038427336455481507
816 0.0011690557129453711
360 0.0008516337172928686
87 0.00038464937093449025
618 0.0007113989148722075
756 0.00038427336455481507
327 0.00038427336455481507
861 0.00038464937093449025
597 0.0004937980421488645
352 0.00038464937093449025
473 0.0014371982173421625
556 0.0013103106643028554
8 0.002573005900886968
475 0.00038427336455481507
436 0.00038427336455481507
353 0.0063199897361290325
705 0.00038464937093449025
573 0.00038464937093449025
85 0.009354295896093084
84 0.00038464937093449025
619 0.00038427336455481507
79 0.00038427336455481507
37 0.00038427336455481507
486 0.00038427336455481507
591 0.00038427336455481507
798 0.00038427336455481507
393 0.00038464937093449025
38 0.00038427336455481507
278 0.00038427336455481507
605 0.00038427336455481507
720 0.00038427336455481507
428 0.00038427336455481507
812 0.00038427336455481507
528 0.00038427336455481507
484 0.00038427336455481507
302 0.00038464937093449025
582 0.00038464937093449025
213 0.00038427336455481507
567 0.00038427336455481507
850 0.00038427336455481507
686 0.00038427336455481507
329 0.0006711793478750555
7 0.00038464937093449025
348 0.005174096033607072
208 0.00038427336455481507
694 0.0007165456508637437
211 0.00038464937093449025
492 0.00038427336455481507
370 0.00038464937093449025
870 0.0036436842336767116
19 0.00038464937093449025
156 0.00038464937093449025
254 0.00038427336455481507
452 0.00038464937093449025
363 0.00038464937093449025
0 0.0057291555083955085
653 0.0011804378897652221
664 0.00038464937093449025
380 0.00038427336455481507
731 0.00038427336455481507
562 0.0007120953845776293
674 0.00038427336455481507
95 0.00038427336455481507
470 0.001473363390149125
340 0.00038427336455481507
60 0.00038464937093449025
235 0.00038427336455481507
583 0.000551754938244552
659 0.00038427336455481507
866 0.00038464937093449025
199 0.00038464937093449025
364 0.00038427336455481507
525 0.00038427336455481507
770 0.00038427336455481507
75 0.00038427336455481507
550 0.00038427336455481507
501 0.00038464937093449025
593 0.0007120953845776225
784 0.00038427336455481507
274 0.0006581746410338562
531 0.00038464937093449025
642 0.00038427336455481507
73 0.0007120953845776259
557 0.00038427336455481507
538 0.00038427336455481507
554 0.0009631231425419154
146 0.00038464937093449025
670 0.00038464937093449025
660 0.00038427336455481507
580 0.00038427336455481507
815 0.00038427336455481507
449 0.000493315214660607
297 0.002140955405957299
833 0.00038464937093449025
14 0.00038464937093449025
175 0.00038427336455481507
760 0.00038427336455481507
634 0.00038427336455481507
206 0.00038427336455481507
534 0.00038427336455481507
600 0.00038427336455481507
594 0.00038464937093449025
778 0.00038427336455481507
643 0.00038427336455481507
51 0.00038464937093449025
407 0.0014318628838805127
207 0.008417177654402076
453 0.00038427336455481507
795 0.0024350844847736003
123 0.00038427336455481507
57 0.0013422294772054409
843 0.0004933152146606102
103 0.0003842733645548151
622 0.0003842733645548151
799 0.0013115980700157657
1 0.0003842733645548151
477 0.0003842733645548151
52 0.001008428897728609
171 0.00038464937093449025
521 0.00038464937093449025
800 0.0006031905255253685
131 0.0003842733645548151
170 0.0003842733645548151
644 0.00038464937093449025
638 0.0003842733645548151
518 0.002756297680403769
540 0.00038464937093449025
385 0.0003842733645548151
344 0.000545412652888315
401 0.0003842733645548151
296 0.0003842733645548151
637 0.0004933152146606071
212 0.0003842733645548151
90 0.0003842733645548151
675 0.0006705456852612606
326 0.0006240383975255398
604 0.0018727916502147657
854 0.03294691496593552
292 0.01835471296551924
415 0.004271073068371387
44 0.021219156999220563
611 0.00038464937093449025
141 0.0003842733645548151
766 0.01789416835543374
617 0.00038464937093449025
748 0.003188107753313096
570 0.00038464937093449025
695 0.002916987970296803
305 0.00038464937093449025
442 0.0014164966177086847
224 0.0003842733645548151
387 0.0003842733645548151
153 0.008650116365567144
585 0.009132912767719987
517 0.00038464937093449025
74 0.0024427939071149916
509 0.00038464937093449025
253 0.00038464937093449025
230 0.0004665108743452732
365 0.0003842733645548151
390 0.0038298141396454037
384 0.0003842733645548151
58 0.00038464937093449025
698 0.00038464937093449025
542 0.0033382932407022637
741 0.0020116827837529036
565 0.0005478361397135068
497 0.0027909048947917926
196 0.0003842733645548151
362 0.0003842733645548151
403 0.0005788728133022862
80 0.00038464937093449025
727 0.00038464937093449025
202 0.009562719486531005
863 0.0008749616900309044
117 0.000657521048970438
261 0.0042092088847792706
188 0.0011268461493634816
601 0.004015569110513611
383 0.0009617601469903799
138 0.0007113989148722077
717 0.0003842733645548151
269 0.00038464937093449025
690 0.008244905260113044
745 0.0008664514770380305
259 0.0003842733645548151
54 0.014367427663559784
320 0.00038464937093449025
804 0.0003842733645548151
76 0.0003842733645548151
229 0.0003842733645548151
852 0.0003842733645548151
435 0.0006880214845166604
163 0.00038464937093449025
31 0.0003842733645548151
455 0.0010395413982207575
549 0.0007569833342943922
838 0.0009431638193854212
251 0.0005619092866262866
823 0.0003842733645548151
707 0.01563232753822318
17 0.007849065344563184
420 0.0003842733645548151
394 0.000683515613097739
625 0.0007113989148722061
166 0.00038464937093449025
247 0.00038464937093449025
231 0.0036558080366072077
324 0.00038464937093449025
277 0.00038464937093449025
86 0.00038464937093449025
806 0.0003842733645548151
78 0.00038464937093449025
647 0.00038464937093449025
303 0.0003842733645548151
791 0.00038464937093449025
307 0.00038464937093449025
629 0.0027644357235801225
192 0.0008798531843341227
692 0.00038464937093449025
113 0.00038464937093449025
543 0.00038464937093449025
753 0.0003842733645548151
454 0.0003842733645548151
165 0.00038464937093449025
266 0.0003842733645548151
658 0.0003842733645548151
2 0.00043100558602872716
322 0.0003842733645548151
505 0.0003842733645548151
498 0.00038464937093449025
706 0.0003842733645548151
772 0.0003842733645548151
343 0.002263835531721855
844 0.0004314273728835091
430 0.002146418822984257
551 0.0010789540530292267
411 0.00038464937093449025
566 0.001126846149363467
130 0.00038464937093449025
825 0.017135872312863988
149 0.00038464937093449025
262 0.0003842733645548151
701 0.008315467333782236
194 0.00038464937093449025
848 0.0003842733645548151
599 0.0003842733645548151
215 0.0007113989148722033
323 0.0003842733645548151
325 0.0003842733645548151
317 0.002192383940117836
853 0.00038464937093449025
444 0.0345505030726976
30 0.00038464937093449025
796 0.0003842733645548151
219 0.0008664514770380238
152 0.00038464937093449025
426 0.0003842733645548151
743 0.0003842733645548151
4 0.004668333183939383
495 0.0003842733645548151
439 0.0036558080366072077
678 0.00038464937093449025
735 0.0003842733645548151
290 0.006237015392311118
332 0.00038464937093449025
289 0.00038464937093449025
257 0.00038464937093449025
183 0.0003842733645548151
708 0.0003842733645548151
358 0.00038464937093449025
129 0.0003842733645548151
655 0.00046605475213416136
712 0.0003842733645548151
513 0.0003842733645548151
598 0.0007013108495371623
814 0.0003842733645548151
592 0.0003842733645548151
351 0.0003842733645548151
182 0.0003842733645548151
696 0.00038464937093449025
29 0.00038464937093449025
441 0.00038464937093449025
481 0.00038464937093449025
691 0.00038464937093449025
588 0.00038464937093449025
226 0.0003842733645548151
522 0.0003842733645548151
699 0.0003842733645548151
464 0.0003842733645548151
737 0.00038464937093449025
514 0.0003842733645548151
40 0.0003842733645548151
544 0.0003842733645548151
738 0.0003842733645548151
687 0.0003842733645548151
620 0.00038464937093449025
476 0.00038464937093449025
716 0.0003842733645548151
137 0.0027519698990174013
241 0.0003842733645548151
553 0.0007113989148722076
334 0.0003842733645548151
11 0.0005619092866262855
864 0.0003842733645548151
413 0.00038464937093449025
424 0.0006240383975255391
189 0.0028666325554286467
434 0.00038464937093449025
858 0.0003842733645548151
143 0.00038464937093449025
25 0.00038464937093449025
537 0.000683515613097739
273 0.0003842733645548151
127 0.0030794159126605386
693 0.00038464937093449025
400 0.001110293063957292
754 0.0003842733645548151
432 0.00038464937093449025
467 0.0003842733645548151
842 0.0011078117691764129
338 0.0003842733645548151
626 0.0019073980210752945
668 0.0003842733645548151
16 0.0003842733645548151
376 0.00038464937093449025
308 0.0004665108743452699
98 0.00038464937093449025
822 0.00038464937093449025
316 0.0003842733645548151
429 0.0003842733645548151
293 0.00038464937093449025
227 0.0003842733645548151
56 0.00038464937093449025
318 0.00038464937093449025
845 0.00038464937093449025
286 0.00038464937093449025
859 0.00038464937093449025
155 0.0003842733645548151
389 0.0025198299537609716
471 0.00038464937093449025
371 0.0003842733645548151
572 0.00038464937093449025
767 0.0003842733645548151
676 0.0007120953845776272
836 0.00038464937093449025
321 0.00038464937093449025
672 0.0003842733645548151
607 0.0003842733645548151
239 0.0003842733645548151
110 0.0003842733645548151
820 0.0003842733645548151
68 0.0009512245673831382
