orang 1 1.7047480922384253 3 1.7047480922384253 
mani 1 0.6496414920651304 2 0.6496414920651304 4 0.6496414920651304 
peopl 1 0.8523740461192126 4 0.8523740461192126 
build 1 0.0 2 0.0 3 0.0 4 0.0 5 0.0 6 0.0 7 0.0 8 0.0 9 0.0 10 0.0 11 0.0 
juic 1 1.1989476363991853 
new 2 0.8523740461192126 4 1.7047480922384253 
york 2 0.8523740461192126 4 0.8523740461192126 
citi 2 1.1989476363991853 
nyc 2 1.1989476363991853 
tall 2 1.7047480922384253 6 1.7047480922384253 
get 2 1.1989476363991853 
blood 3 1.1989476363991853 
type 3 0.5994738181995927 
love 3 0.5994738181995927 
live 4 1.1989476363991853 
commut 4 1.1989476363991853 
one 4 1.1989476363991853 
skyscrap 4 0.8523740461192126 6 1.7047480922384253 
dubai 5 2.3978952727983707 
tallest 5 2.3978952727983707 
world 5 2.3978952727983707 
billiard 7 2.3978952727983707 
popular 7 2.3978952727983707 
categori 7 1.7047480922384253 10 1.7047480922384253 
sport 7 2.3978952727983707 
england 7 2.3978952727983707 
dog 8 2.3978952727983707 
like 8 2.3978952727983707 
cat 8 1.7047480922384253 9 1.7047480922384253 
superiorli 9 2.3978952727983707 
anim 9 2.3978952727983707 
frog 10 2.3978952727983707 
classifi 10 2.3978952727983707 
amphibian 10 2.3978952727983707 
may 10 2.3978952727983707 
princ 10 1.7047480922384253 11 1.7047480922384253 
purpl 11 2.3978952727983707 
rain 11 2.3978952727983707 
80 11 2.3978952727983707 
