1 1 4.605170185988092 
100 1 0.0 2 0.0 3 0.0 4 0.0 5 0.0 6 0.0 7 0.0 8 0.0 9 0.0 10 0.0 11 0.0 12 0.0 13 0.0 14 0.0 15 0.0 16 0.0 17 0.0 18 0.0 19 0.0 20 0.0 21 0.0 22 0.0 23 0.0 24 0.0 25 0.0 26 0.0 27 0.0 28 0.0 29 0.0 30 0.0 31 0.0 32 0.0 33 0.0 34 0.0 35 0.0 36 0.0 37 0.0 38 0.0 39 0.0 40 0.0 41 0.0 42 0.0 43 0.0 44 0.0 45 0.0 46 0.0 47 0.0 48 0.0 49 0.0 50 0.0 51 0.0 52 0.0 53 0.0 54 0.0 55 0.0 56 0.0 57 0.0 58 0.0 59 0.0 60 0.0 61 0.0 62 0.0 63 0.0 64 0.0 65 0.0 66 0.0 67 0.0 68 0.0 69 0.0 70 0.0 71 0.0 72 0.0 73 0.0 74 0.0 75 0.0 76 0.0 77 0.0 78 0.0 79 0.0 80 0.0 81 0.0 82 0.0 83 0.0 84 0.0 85 0.0 86 0.0 87 0.0 88 0.0 89 0.0 90 0.0 91 0.0 92 0.0 93 0.0 94 0.0 95 0.0 96 0.0 97 0.0 98 0.0 99 0.0 100 0.0 
2 2 4.605170185988092 
3 3 4.605170185988092 
4 4 4.605170185988092 
5 5 4.605170185988092 
6 6 4.605170185988092 
7 7 4.605170185988092 
8 8 4.605170185988092 
9 9 4.605170185988092 
10 10 4.605170185988092 
11 11 4.605170185988092 
12 12 4.605170185988092 
13 13 4.605170185988092 
14 14 4.605170185988092 
15 15 4.605170185988092 
16 16 4.605170185988092 
17 17 4.605170185988092 
18 18 4.605170185988092 
19 19 4.605170185988092 
20 20 4.605170185988092 
21 21 4.605170185988092 
22 22 4.605170185988092 
23 23 4.605170185988092 
24 24 4.605170185988092 
25 25 4.605170185988092 
26 26 4.605170185988092 
27 27 4.605170185988092 
28 28 4.605170185988092 
29 29 4.605170185988092 
30 30 4.605170185988092 
31 31 4.605170185988092 
32 32 4.605170185988092 
33 33 4.605170185988092 
34 34 4.605170185988092 
35 35 4.605170185988092 
36 36 4.605170185988092 
37 37 4.605170185988092 
38 38 4.605170185988092 
39 39 4.605170185988092 
40 40 4.605170185988092 
41 41 4.605170185988092 
42 42 4.605170185988092 
43 43 4.605170185988092 
44 44 4.605170185988092 
45 45 4.605170185988092 
46 46 4.605170185988092 
47 47 4.605170185988092 
48 48 4.605170185988092 
49 49 4.605170185988092 
50 50 4.605170185988092 
51 51 4.605170185988092 
52 52 4.605170185988092 
53 53 4.605170185988092 
54 54 4.605170185988092 
55 55 4.605170185988092 
56 56 4.605170185988092 
57 57 4.605170185988092 
58 58 4.605170185988092 
59 59 4.605170185988092 
60 60 4.605170185988092 
61 61 4.605170185988092 
62 62 4.605170185988092 
63 63 4.605170185988092 
64 64 4.605170185988092 
65 65 4.605170185988092 
66 66 4.605170185988092 
67 67 4.605170185988092 
68 68 4.605170185988092 
69 69 4.605170185988092 
70 70 4.605170185988092 
71 71 4.605170185988092 
72 72 4.605170185988092 
73 73 4.605170185988092 
74 74 4.605170185988092 
75 75 4.605170185988092 
76 76 4.605170185988092 
77 77 4.605170185988092 
78 78 4.605170185988092 
79 79 4.605170185988092 
80 80 4.605170185988092 
81 81 4.605170185988092 
82 82 4.605170185988092 
83 83 4.605170185988092 
84 84 4.605170185988092 
85 85 4.605170185988092 
86 86 4.605170185988092 
87 87 4.605170185988092 
88 88 4.605170185988092 
89 89 4.605170185988092 
90 90 4.605170185988092 
91 91 4.605170185988092 
92 92 4.605170185988092 
93 93 4.605170185988092 
94 94 4.605170185988092 
95 95 4.605170185988092 
96 96 4.605170185988092 
97 97 4.605170185988092 
98 98 4.605170185988092 
99 99 4.605170185988092 
